start=12.800000
volume=82.000000
